================================================================================
7-Day COVID-19 Forecast: 3/14/20
Biggest Anticipated Increases
Spain****           6391   8656  15409  21920  32752  43177  58529  76984
                   +1656  +2265  +6752  +6510 +10832 +10424 +15351 +18455
Italy**            21157  25314  29864  34723  39150  43606  47871  52265
                   +4202  +4157  +4549  +4859  +4426  +4456  +4265  +4393
Korea, South***     8086   8093   9869  16610  18262  22050  25869  30664
                     +42     +7  +1775  +6741  +1651  +3787  +3818  +4795
Germany***          4585   5998   7545   9367  11019  12733  14433  16132
                   +1259  +1413  +1547  +1821  +1652  +1713  +1699  +1699
France**            4480   5771   6817   7596   8718   9559  10628  11612
                   +1161  +1291  +1045   +779  +1121   +840  +1069   +983
US****              2727   3522   4510   5630   6914   8193   9584  11071
                    +671   +795   +988  +1119  +1283  +1279  +1390  +1487
Iran               12728  13622  14465  15109  15674  16104  16391  16544
                    +989   +893   +843   +643   +565   +429   +287   +152
Switzerland****     1358   1749   2234   2844   3504   4253   5075   6123
                    +328   +390   +485   +610   +659   +749   +821  +1048
United Kingdom***   1142   1532   1995   2500   3088   3686   4234   4794
                    +412   +389   +463   +504   +588   +598   +547   +560
Denmark***           836   1119   1401   1737   2064   2473   2850   3166
                     +90   +283   +281   +335   +327   +408   +377   +315
================================================================================
7-Day COVID-19 Forecast: 3/13/20
Biggest Anticipated Increases
Italy***           17659  21776  26926  32323  38003  44026  50106  55553
                   +3887  +4116  +5150  +5396  +5679  +6023  +6080  +5446
Spain****           5231   6232   8656  15417  22252  33552  45873  66063
                   +2715  +1000  +2424  +6761  +6834 +11300 +12320 +20189
France****          3666   4625   5931   7637   9539  11517  13600  15794
                   +1142   +958  +1306  +1705  +1902  +1978  +2082  +2194
Germany****         3675   4528   5778   7103   9111  10832  12793  14759
                   +1378   +853  +1250  +1324  +2007  +1721  +1960  +1966
US****              2179   2889   3842   4854   6103   7564   9209  10817
                    +580   +710   +953  +1011  +1249  +1460  +1644  +1608
Iran               11364  12128  12854  13484  14017  14360  14609  14736
                    +869   +764   +725   +629   +533   +342   +249   +126
Norway****           995   1339   1867   2489   3328   4359   5486   6886
                    +247   +343   +527   +622   +838  +1031  +1126  +1400
Denmark****          804   1187   1613   2205   2832   3706   4573   5677
                    +184   +383   +425   +591   +627   +874   +866  +1104
Netherlands****      804   1042   1338   1722   2161   2653   3189   3795
                    +248   +238   +295   +384   +438   +491   +536   +605
Switzerland**       1138   1432   1672   1964   2220   2487   2682   2881
                    +418   +293   +239   +291   +256   +267   +194   +199
================================================================================
7-Day COVID-19 Forecast: 3/12/20
Biggest Anticipated Increases
Italy              12461  13519  14388  15167  15796  16370  16887  17215
                   +1185  +1057   +868   +779   +628   +574   +517   +327
Iran               10075  10937  11730  12308  12848  13284  13714  13991
                    +859   +862   +793   +578   +539   +435   +430   +276
US****              1663   2289   2951   3758   4661   5408   6336   7216
                    +460   +626   +661   +807   +903   +746   +928   +879
Spain***            2276   2702   3289   3943   4922   5730   6622   7365
                    +216   +425   +586   +654   +979   +808   +891   +743
Denmark****          617    974   1326   1814   2431   3184   4056   5116
                    +198   +357   +351   +488   +616   +753   +871  +1059
France**            2283   2644   2958   3281   3639   3966   4275   4569
                    +217   +360   +313   +323   +358   +326   +308   +294
Norway****           701    920   1216   1626   2091   2718   3312   4067
                    +160   +218   +296   +409   +465   +626   +594   +754
Germany             2078   2378   2658   2862   3074   3257   3442   3553
                    +286   +300   +280   +204   +212   +182   +185   +110
Sweden***            598    773    969   1199   1416   1673   1943   2214
                    +146   +174   +195   +230   +217   +256   +269   +271
Qatar****            261    383    565    779    981   1249   1525   1807
                     +24   +121   +182   +213   +202   +267   +275   +282
================================================================================
US Counties Duration of Initial Outbreak Periods
               PAST|CURR   <2 days    2-3 days   4-6 days   7-10 days 11-15 days  >15 days 
   1    case  (  48|  71)   15.22%     24.01%     14.71%     14.48%                31.59%  
 2 - 3  cases (  33|  44)   21.87%     20.09%     17.46%      6.76%      6.76%     27.06%  
 4 - 7  cases (  23|  14)   40.09%     30.42%      7.37%     22.12%                        
 8 - 15 cases (  14|  10)   37.50%     33.93%     14.29%     14.29%                        
16 - 31 cases (   8|   6)   14.29%     40.00%     45.71%                                   
32 - 63 cases (   3|   6)   20.00%     40.00%                40.00%                        
64 -127 cases (   2|   2)                         100.0%                                   
128-255 cases (   1|   1)              100.0%                                              
256-511 cases (   0|   1)   100.0%  
================================================================================
7-Day COVID-19 Forecast: 3/11/20
Biggest Anticipated Increases
Italy**            12461  14245  16264  18367  20628  22647  24676  26836
                   +2077  +1783  +2019  +2103  +2260  +2019  +2028  +2160
Spain****           2276   3346   4593   5998   7595   9177  11015  12947
                    +725  +1069  +1246  +1405  +1596  +1581  +1838  +1931
Iran                9000   9815  10622  11504  12194  12776  13178  13575
                    +879   +815   +807   +881   +690   +581   +402   +397
France**            2283   2870   3440   4028   4596   5240   5856   6463
                    +556   +586   +570   +587   +568   +643   +616   +606
US****              1280   1728   2244   2872   3446   4094   4857   5647
                    +381   +447   +516   +627   +573   +648   +762   +790
Norway****           597    889   1344   1862   2394   3199   4056   5083
                    +236   +291   +455   +518   +531   +804   +857  +1026
Denmark****          444    706   1073   1614   2322   3271   4711   6885
                    +205   +262   +366   +541   +708   +948  +1439  +2174
Germany**           1907   2252   2607   2965   3367   3767   4117   4506
                    +325   +344   +354   +358   +401   +399   +350   +388
Sweden****           499    663    881   1105   1367   1691   2004   2388
                    +133   +163   +218   +223   +262   +323   +313   +384
Netherlands***       503    634    775    935   1115   1283   1426   1586
                    +100   +131   +141   +159   +180   +168   +142   +160
================================================================================
7-Day COVID-19 Forecast: 3/10/20
Biggest Anticipated Increases
Italy**            10149  11663  13237  14959  16448  17945  19207  20529
                   +1701  +1514  +1573  +1722  +1488  +1497  +1261  +1322
Iran                8041   8917   9889  10786  11713  12549  13168  13759
                    +909   +875   +971   +896   +927   +835   +618   +591
Spain****           1694   2435   3365   4414   5509   6576   7896   9252
                    +586   +740   +930  +1049  +1094  +1067  +1319  +1356
France****          1786   2593   3383   4481   5710   7208   8830  10743
                    +447   +806   +789  +1097  +1229  +1497  +1621  +1913
US****               959   1283   1636   2088   2505   3009   3556   4123
                    +314   +324   +352   +452   +416   +503   +547   +566
Norway****           399    636    929   1360   1991   2843   4084   5923
                    +173   +236   +292   +431   +630   +852  +1241  +1838
Germany**           1456   1714   1995   2271   2576   2842   3139   3436
                    +240   +257   +280   +276   +304   +265   +297   +297
Denmark****          263    387    648   1012   1389   1900   2531   3328
                    +169   +123   +260   +364   +376   +510   +631   +796
Sweden****           355    484    650    874   1140   1423   1779   2191
                     +90   +129   +165   +224   +265   +282   +356   +412
Korea, South        7512   7740   7884   7974   8059   8078   8092   8092
                    +282   +227   +144    +90    +84    +19    +14     +0
================================================================================
7-Day COVID-19 Forecast: 3/9/20
Biggest Anticipated Increases
Italy               9172  10860  12406  13847  15178  16255  17187  17997
                   +1670  +1688  +1545  +1441  +1330  +1077   +931   +809
Iran                7161   8024   8859   9806  10739  11561  12339  13003
                    +941   +863   +835   +946   +933   +822   +777   +664
Spain****           1073   1525   1995   2616   3388   4276   5246   6410
                    +329   +452   +469   +621   +771   +887   +969  +1164
Germany**           1176   1409   1650   1873   2115   2331   2584   2828
                    +203   +233   +241   +223   +241   +216   +252   +244
Korea, South        7478   7737   7978   8115   8198   8254   8285   8304
                    +391   +259   +240   +137    +82    +56    +31    +18
France              1211   1424   1613   1766   1884   1995   2116   2222
                    +155   +212   +189   +152   +117   +111   +121   +105
US**                 582    725    886   1051   1218   1396   1577   1739
                    +114   +142   +161   +165   +167   +177   +181   +161
Netherlands****      321    433    602    765    960   1202   1422   1670
                     +81   +112   +169   +163   +194   +242   +219   +248
Belgium***           239    327    438    565    662    749    859    945
                     +39    +88   +110   +127    +96    +87   +109    +86
Switzerland***       374    466    588    699    823    956   1073   1187
                     +55    +92   +122   +110   +124   +132   +117   +113
================================================================================
7-Day COVID-19 Forecast: 3/8/20
Biggest Anticipated Increases
Italy**             7375   8916  10237  11701  13057  14426  15752  17040
                   +1355  +1541  +1320  +1464  +1356  +1369  +1325  +1287
Iran**              6565   7573   8732   9847  11004  12031  13174  14203
                   +1058  +1007  +1159  +1114  +1157  +1027  +1142  +1029
France****          1128   1479   1911   2409   2951   3604   4290   4979
                    +267   +350   +431   +498   +541   +652   +686   +689
Korea, South        7314   7743   8122   8441   8645   8802   8872   8932
                    +494   +429   +379   +318   +203   +157    +69    +60
Germany***          1040   1328   1665   2040   2413   2827   3266   3699
                    +234   +288   +336   +375   +372   +414   +438   +433
Spain***             673    840   1046   1290   1529   1757   2020   2285
                    +166   +167   +206   +244   +238   +227   +263   +264
US***                517    653    823   1031   1223   1433   1669   1900
                    +141   +135   +169   +207   +191   +210   +235   +230
Switzerland****      336    455    576    710    877   1052   1242   1436
                     +73   +118   +120   +134   +166   +175   +190   +193
Netherlands****      264    365    472    635    892   1156   1450   1853
                     +84   +100   +106   +163   +256   +263   +293   +403
China              80823  80848  80994  81139  81278  81408  81525  81661
                    +190    +25   +146   +144   +138   +129   +117   +136
================================================================================
7-Day COVID-19 Forecast: 3/7/20
Biggest Anticipated Increases
Iran**              5823   7171   8411   9754  11218  12669  13967  15423
                   +1125  +1348  +1240  +1343  +1464  +1450  +1298  +1455
Italy**             5882   7067   8126   9297  10378  11465  12511  13537
                   +1094  +1184  +1059  +1171  +1081  +1086  +1046  +1025
France****           951   1387   2025   3002   4449   6594   9711  14331
                    +329   +435   +638   +977  +1447  +2144  +3116  +4620
China              80769  81351  81943  82658  83508  84423  85563  86521
                    +198   +581   +592   +714   +849   +915  +1139   +957
Korea, South        7040   7608   8137   8613   9034   9396   9623   9795
                    +594   +567   +528   +476   +421   +361   +227   +171
Germany****          799   1063   1331   1700   2075   2478   2922   3382
                    +192   +264   +268   +368   +374   +403   +443   +460
Belgium****          169    275    454    702    976   1388   1818   2357
                     +70   +106   +179   +248   +273   +411   +430   +538
Spain***             499    623    778    957   1120   1305   1496   1691
                    +121   +123   +154   +179   +162   +185   +190   +194
US***                402    502    631    789    940   1139   1309   1505
                    +112   +100   +129   +157   +150   +198   +170   +195
Sweden****           161    234    353    513    756   1125   1660   2456
                     +49    +73   +119   +160   +242   +369   +535   +796
================================================================================
7-Day COVID-19 Forecast: 3/6/20
Biggest Anticipated Increases
Iran***             4747   6169   7695   9205  10784  12209  13573  15042
                   +1019  +1422  +1525  +1510  +1578  +1425  +1363  +1468
China              80690  81530  82720  84430  85621  87694  89637  91801
                    +195   +840  +1190  +1709  +1191  +2073  +1942  +2163
Italy**             4635   5535   6378   7302   8153   9007   9825  10631
                    +869   +899   +843   +924   +850   +853   +818   +806
Korea, South        6593   7188   7770   8416   8919   9346   9642   9928
                    +657   +595   +582   +645   +503   +427   +295   +286
Germany****          669    973   1417   1803   2306   2967   3702   4467
                    +233   +303   +443   +385   +502   +660   +734   +764
France****           655    918   1183   1493   1929   2425   2910   3399
                    +236   +262   +264   +310   +435   +495   +484   +489
Switzerland****      213    310    473    659    843   1077   1373   1712
                     +88    +96   +162   +186   +184   +234   +295   +339
Spain***             399    494    636    797    937   1117   1280   1466
                    +113    +94   +142   +160   +140   +179   +162   +186
Belgium****          108    185    304    498    772   1063   1500   2003
                     +57    +76   +119   +193   +273   +291   +436   +503
Netherlands****      127    178    251    372    494    636    838   1070
                     +53    +50    +72   +120   +122   +141   +201   +232
================================================================================
7-Day COVID-19 Forecast: 3/5/20
Biggest Anticipated Increases
China              80536  81166  82608  84849  87776  89887  90925  92491
                    +165   +629  +1442  +2240  +2927  +2111  +1037  +1566
Iran***             3513   4486   5624   6769   8015   9484  10747  12144
                    +734   +973  +1138  +1144  +1245  +1468  +1263  +1396
Italy**             3857   4540   5309   6123   6862   7569   8370   9175
                    +761   +682   +769   +813   +739   +706   +801   +805
Korea, South        6088   6711   7412   8110   8731   9346   9889  10381
                    +725   +623   +700   +698   +621   +614   +543   +492
Germany****          481    651    963   1222   1572   2014   2508   3030
                    +192   +169   +311   +259   +349   +442   +493   +522
France**             380    470    577    673    798    906   1023   1128
                     +87    +90   +107    +95   +125   +108   +117   +105
Spain***             258    333    412    495    587    670    752    819
                     +58    +74    +79    +82    +92    +82    +82    +66
United Kingdom***    115    163    232    327    414    542    693    864
                     +36    +47    +69    +94    +87   +128   +150   +171
Switzerland****      114    144    184    234    289    349    410    475
                     +30    +30    +39    +50    +54    +60    +60    +64
US**                 217    257    294    323    364    401    440    478
                     +53    +40    +37    +28    +41    +36    +38    +37
================================================================================
7-Day COVID-19 Forecast: 3/4/20
Biggest Anticipated Increases
China              80386  81108  82544  84778  87700  89802  92383  93348
                    +117   +722  +1436  +2233  +2922  +2102  +2580   +965
Iran****            2922   3904   4954   6373   7912   9537  11190  12645
                    +808   +982  +1050  +1418  +1538  +1624  +1653  +1455
Korea, South        5621   6427   7280   8021   8859   9703  10445  11162
                    +794   +806   +853   +741   +837   +844   +742   +717
Italy**             3089   3706   4304   4915   5524   6108   6766   7398
                    +628   +617   +598   +611   +608   +584   +657   +631
Cruise Ship          705    742    869   1034   1129   1235   1316   1372
                      +0    +36   +127   +164    +95   +105    +80    +56
France***            288    370    459    556    649    735    816    905
                     +62    +82    +89    +96    +93    +85    +80    +88
Spain****            221    297    381    487    612    760    920   1065
                     +62    +75    +84   +105   +124   +148   +159   +144
Germany**            261    324    385    452    526    599    671    742
                     +52    +62    +61    +67    +73    +73    +71    +70
US**                 149    174    199    228    260    286    317    346
                     +29    +25    +25    +28    +32    +25    +31    +28
Japan                331    349    365    378    389    396    399    402
                     +24    +18    +16    +13    +10     +7     +3     +2
================================================================================
7-Day COVID-19 Forecast: 3/3/20
Biggest Anticipated Increases
China              80261  81572  94231 115435 123994 134498 144361 150452
                     +57  +1311 +12659 +21203  +8558 +10504  +9863  +6090
Iran****            2336   3374   4964   6435   8689  11283  14432  17872
                    +892  +1038  +1590  +1470  +2253  +2593  +3149  +3439
Korea, South**      5186   5934   6802   7591   8378   9145   9896  10534
                    +905   +748   +868   +788   +787   +766   +750   +638
Italy**             2501   3090   3530   4208   4780   5416   5966   6576
                    +533   +588   +439   +678   +572   +636   +549   +610
Spain****            164    238    345    505    726   1053   1526   2211
                     +51    +73   +106   +159   +221   +326   +472   +685
France***            203    254    332    389    460    526    605    671
                     +31    +50    +78    +56    +71    +65    +79    +65
Germany***           195    238    307    367    441    508    581    656
                     +39    +42    +69    +59    +74    +67    +73    +74
US**                 118    137    163    186    208    230    254    279
                     +20    +19    +26    +23    +22    +22    +24    +24
Japan                293    306    319    331    341    350    355    360
                     +20    +13    +13    +11    +10     +8     +5     +5
Singapore            110    112    114    117    119    122    124    127
                      +2     +2     +2     +2     +2     +2     +2     +2
================================================================================
7-Day COVID-19 Forecast: 3/2/20
Biggest Anticipated Increases
China              80135  84251  98699 117409 128233 140234 149383 155744
                      +9  +4115 +14448 +18710 +10823 +12001  +9149  +6360
Korea, South**      4335   5213   6269   7301   8338   9397  10508  11510
                    +806   +878  +1055  +1032  +1036  +1058  +1111  +1001
Iran****            1500   2178   2761   3725   4705   5851   6651   7220
                    +572   +677   +582   +964   +979  +1145   +800   +568
Italy***            2035   2537   3199   3799   4425   5187   5884   6603
                    +463   +501   +662   +599   +626   +761   +696   +718
Cruise Ship****      705    779   1227   1337   1507   2067   2512   2846
                      +0    +74   +448   +110   +169   +560   +444   +334
France****           191    278    409    597    880   1271   1858   2715
                     +57    +87   +130   +188   +282   +391   +586   +857
Spain****            119    173    248    328    416    529    660    786
                     +43    +53    +75    +80    +87   +113   +130   +125
Germany****          159    224    278    351    440    522    634    730
                     +41    +65    +54    +73    +88    +82   +111    +96
Japan                274    289    303    314    322    328    331    334
                     +19    +15    +13    +10     +8     +6     +2     +2
Singapore            108    108    110    110    111    112    113    114
                      +2     +0     +1     +0     +0     +0     +0     +1
