                2020-03-23
Italy                63927    68473    72321    75430    77828    79593    80834    81666 
United States        43024    55784    70289    86091   102588   119093   134918   149458 
Spain                33089    37856    42613    47210    51511    55409    58828    61733 
Iran                 23049    24495    26124    27996    30187    32804    35989    39941 
Germany              22672    26329    30149    34030    37863    41547    44990    48120 
France               19856    23848    29408    37495    49780    69271   101571   157474 
Switzerland           8060     8948     9552     9901    10073    10145    10171    10179 
Austria               4474     6081     9019    14908    27841    58964   141030   378157 
Belgium               3743     4102     4371     4553     4665     4728     4759     4774 
Norway                2625     2896     3192     3515     3865     4244     4651     5087 

